function Vr = V(r)
    % parametrization of potential
    Vr = 29*exp(-2.3151241717834*r^0.81266614122432 ...
        +2.1984250222603E-02*r^4.2246376280056) ...
        -0.15595606773483*r ...
        -3.1350051440417E-03*r^2 ...
        +5.1895222293006E-02*r^3 ...
        -2.8027608685637E-02*r^4;
end